-4.344347069614573
1.342105354465596
0.9394628691060739
-0.8553236247223166
0.842700626226582
-0.27663032532626547
4.9183895395468245
-1.0513918288572435
6.202517211649186
-5.254120546921457
-4.94806413976656
3.8945821025035903
-1.7107297427919272
0.4878229243161787
2.9276021310606675
0.989158906404799
-0.3728323176550577
-3.1811413764933647
1.5683200194345093
-3.4302075072222022
-0.9674853699528985
0.1558837405479665
4.344262792724034
1.9309153807848007
-0.3205731620309152
0.0727077281356004
-3.1554296917278792
1.265605340815462
2.604389512589888
2.6525604062233508
4.067526963491847
-1.0760145047010328
-0.35652308360292984
-2.312358471810619
2.1579406934139285
-3.7305473573676418
1.453904704995917
1.5414083518625976
4.721296882400119
1.3395867841599691
-3.6583642991311183
